================================================================
         omega_k [cm^-1]          g_k [cm^-1]               
================================================================
   -1.992259429118127e+02     4.890026290043545e-02
   -1.958580229647154e+02     8.026748985527003e-02
   -1.898843463808785e+02     1.145459900774648e-01
   -1.814443679587347e+02     1.606185250178720e-01
   -1.707300834579821e+02     2.279539744256140e-01
   -1.579743027639425e+02     3.303852931495191e-01
   -1.434388943453731e+02     4.897412813306353e-01
   -1.274032849368566e+02     7.412156015483172e-01
   -1.101542242660712e+02     1.142048647712473e+00
   -9.197781235826687e+01     1.786438988166272e+00
   -7.315504802120658e+01     2.834019088824825e+00
   -5.396351504144398e+01     4.575607125883344e+00
   -3.469427728198647e+01     7.638920185132964e+00
   -1.574288512143436e+01     1.406705942137816e+01
   -2.119296533987123e-01     3.898582913354215e+01
    1.412606985960885e+01     1.836777534948746e+01
    3.284257280051090e+01     1.282525507374264e+01
    5.174354258389129e+01     1.007773306608444e+01
    7.043548294659512e+01     8.215032741521380e+00
    8.865308585814594e+01     6.797086159988273e+00
    1.061623810882953e+02     5.662781164358049e+00
    1.227421691629125e+02     4.735210647671921e+00
    1.381802632201962e+02     3.968711089380267e+00
    1.522744734945463e+02     3.330823822154187e+00
    1.648354613320318e+02     2.795336235726648e+00
    1.756903240178704e+02     2.339142366791639e+00
    1.846863517208627e+02     1.940123506613243e+00
    1.916946344627811e+02     1.574324056615774e+00
    1.966133464894332e+02     1.209215410773949e+00
    1.993712961680984e+02     7.759086842157493e-01
