================================================================
         omega_k [cm^-1]          g_k [cm^-1]               
================================================================
   -1.141785581285911e-41     1.531194487943167e+00
   -4.228639469658098e-11     1.531194487942702e+00
   -2.919165839695510e-09     1.531194487911012e+00
   -2.252704232088741e-08     1.531194487695027e+00
   -8.599686535354806e-08     1.531194486995892e+00
   -2.347123291046499e-07     1.531194485357756e+00
   -5.237388171099835e-07     1.531194482174061e+00
   -1.021712698092673e-06     1.531194476688761e+00
   -1.811024285002446e-06     1.531194467994307e+00
   -2.987829030117186e-06     1.531194455031525e+00
   -4.662025160074631e-06     1.531194436589860e+00
   -6.957247047049225e-06     1.531194411307449e+00
   -1.001086519825624e-05     1.531194377671125e+00
   -1.397398685516930e-05     1.531194334016405e+00
   -1.901145629088709e-05     1.531194278527492e+00
   -2.530185494461456e-05     1.531194209237269e+00
   -3.303750151446516e-05     1.531194124027302e+00
   -4.242445205347796e-05     1.531194020627834e+00
   -5.368250008321916e-05     1.531193896617791e+00
   -6.704517673069248e-05     1.531193749424775e+00
   -8.275975089232271e-05     1.531193576325060e+00
   -1.010872294285074e-04     1.531193374443601e+00
   -1.223023573923415e-04     1.531193140754020e+00
   -1.466936182963000e-04     1.531192872078609e+00
   -1.745632344208750e-04     1.531192565088325e+00
   -2.062271671693441e-04     1.531192216302788e+00
   -2.420151174730674e-04     1.531191822090277e+00
   -2.822705262518920e-04     1.531191378667723e+00
   -3.273505749344617e-04     1.531190882100705e+00
   -3.776261860434012e-04     1.531190328303446e+00
   -4.334820238505851e-04     1.531189713038802e+00
   -4.953164951078551e-04     1.531189031918259e+00
   -5.635417498587933e-04     1.531188280401923e+00
   -6.385836823373045e-04     1.531187453798509e+00
   -7.208819319590597e-04     1.531186547265335e+00
   -8.108898844118936e-04     1.531185555808307e+00
   -9.090746728516341e-04     1.531184474281909e+00
   -1.015917179209901e-03     1.531183297389190e+00
   -1.131912035620676e-03     1.531182019681748e+00
   -1.257567625972631e-03     1.531180635559716e+00
   -1.393406087594427e-03     1.531179139271742e+00
   -1.539963313080306e-03     1.531177524914977e+00
   -1.697788952263703e-03     1.531175786435044e+00
   -1.867446414346524e-03     1.531173917626028e+00
   -2.049512870192175e-03     1.531171912130446e+00
   -2.244579254790563e-03     1.531169763439224e+00
   -2.453250269903333e-03     1.531167464891668e+00
   -2.676144386898202e-03     1.531165009675439e+00
   -2.913893849780877e-03     1.531162390826521e+00
   -3.167144678433837e-03     1.531159601229185e+00
   -3.436556672071073e-03     1.531156633615959e+00
   -3.722803412918257e-03     1.531153480567587e+00
   -4.026572270127850e-03     1.531150134512989e+00
   -4.348564403939129e-03     1.531146587729224e+00
   -4.689494770093220e-03     1.531142832341437e+00
   -5.050092124512963e-03     1.531138860322820e+00
   -5.431099028258746e-03     1.531134663494556e+00
   -5.833271852770298e-03     1.531130233525767e+00
   -6.257380785405862e-03     1.531125561933460e+00
   -6.704209835289141e-03     1.531120640082465e+00
   -7.174556839476293e-03     1.531115459185375e+00
   -7.669233469453415e-03     1.531110010302478e+00
   -8.189065237976986e-03     1.531104284341688e+00
   -8.734891506268773e-03     1.531098272058473e+00
   -9.307565491577637e-03     1.531091964055780e+00
   -9.907954275120263e-03     1.531085350783947e+00
   -1.053693881041351e-02     1.531078422540629e+00
   -1.119541393201149e-02     1.531071169470703e+00
   -1.188428836465961e-02     1.531063581566175e+00
   -1.260448473287967e-02     1.531055648666086e+00
   -1.335693957099891e-02     1.531047360456407e+00
   -1.414260333363644e-02     1.531038706469935e+00
   -1.496244040666188e-02     1.531029676086184e+00
   -1.581742911863929e-02     1.531020258531260e+00
   -1.670856175277102e-02     1.531010442877753e+00
   -1.763684455935672e-02     1.531000218044601e+00
   -1.860329776878102e-02     1.530989572796958e+00
   -1.960895560504592e-02     1.530978495746067e+00
   -2.065486629986292e-02     1.530966975349103e+00
   -2.174209210732002e-02     1.530954999909036e+00
   -2.287170931913930e-02     1.530942557574472e+00
   -2.404480828054200e-02     1.530929636339489e+00
   -2.526249340673569e-02     1.530916224043475e+00
   -2.652588320004107e-02     1.530902308370954e+00
   -2.783611026767511e-02     1.530887876851400e+00
   -2.919432134020688e-02     1.530872916859059e+00
   -3.060167729070327e-02     1.530857415612746e+00
   -3.205935315458258e-02     1.530841360175652e+00
   -3.356853815019316e-02     1.530824737455125e+00
   -3.513043570013544e-02     1.530807534202469e+00
   -3.674626345334424e-02     1.530789737012703e+00
   -3.841725330795262e-02     1.530771332324345e+00
   -4.014465143495220e-02     1.530752306419159e+00
   -4.192971830267254e-02     1.530732645421919e+00
   -4.377372870209610e-02     1.530712335300142e+00
   -4.567797177302989e-02     1.530691361863830e+00
   -4.764375103115312e-02     1.530669710765193e+00
   -4.967238439596096e-02     1.530647367498366e+00
   -5.176520421962400e-02     1.530624317399118e+00
   -5.392355731678625e-02     1.530600545644548e+00
   -5.614880499531990e-02     1.530576037252776e+00
   -5.844232308805984e-02     1.530550777082619e+00
   -6.080550198553891e-02     1.530524749833262e+00
   -6.323974666974644e-02     1.530497940043915e+00
   -6.574647674892997e-02     1.530470332093458e+00
   -6.832712649346710e-02     1.530441910200084e+00
   -7.098314487282360e-02     1.530412658420918e+00
   -7.371599559362890e-02     1.530382560651635e+00
   -7.652715713888476e-02     1.530351600626064e+00
   -7.941812280833666e-02     1.530319761915776e+00
   -8.239040076002813e-02     1.530287027929666e+00
   -8.544551405306562e-02     1.530253381913519e+00
   -8.858500069161612e-02     1.530218806949565e+00
   -9.181041367016410e-02     1.530183285956019e+00
   -9.512332102005318e-02     1.530146801686614e+00
   -9.852530585733729e-02     1.530109336730113e+00
   -1.020179664319704e-01     1.530070873509815e+00
   -1.056029161783586e-01     1.530031394283036e+00
   -1.092817837673015e-01     1.529990881140595e+00
   -1.130562131593534e-01     1.529949316006263e+00
   -1.169278636596294e-01     1.529906680636215e+00
   -1.208984099740861e-01     1.529862956618460e+00
   -1.249695422673032e-01     1.529818125372252e+00
   -1.291429662217999e-01     1.529772168147499e+00
   -1.334204030989093e-01     1.529725066024136e+00
   -1.378035898012473e-01     1.529676799911504e+00
   -1.422942789368018e-01     1.529627350547695e+00
   -1.468942388846739e-01     1.529576698498891e+00
   -1.516052538625053e-01     1.529524824158679e+00
   -1.564291239956196e-01     1.529471707747357e+00
   -1.613676653879143e-01     1.529417329311210e+00
   -1.664227101945308e-01     1.529361668721786e+00
   -1.715961066963420e-01     1.529304705675133e+00
   -1.768897193762890e-01     1.529246419691034e+00
   -1.823054289975948e-01     1.529186790112215e+00
   -1.878451326839048e-01     1.529125796103535e+00
   -1.935107440013724e-01     1.529063416651156e+00
   -1.993041930427416e-01     1.528999630561698e+00
   -2.052274265134481e-01     1.528934416461366e+00
   -2.112824078197927e-01     1.528867752795058e+00
   -2.174711171592063e-01     1.528799617825458e+00
   -2.237955516126646e-01     1.528729989632102e+00
   -2.302577252392742e-01     1.528658846110421e+00
   -2.368596691730841e-01     1.528586164970766e+00
   -2.436034317221476e-01     1.528511923737409e+00
   -2.504910784698966e-01     1.528436099747518e+00
   -2.575246923788484e-01     1.528358670150114e+00
   -2.647063738967000e-01     1.528279611904998e+00
   -2.720382410648553e-01     1.528198901781657e+00
   -2.795224296294172e-01     1.528116516358146e+00
   -2.871610931547006e-01     1.528032432019945e+00
   -2.949564031393085e-01     1.527946624958786e+00
   -3.029105491348164e-01     1.527859071171457e+00
   -3.110257388671101e-01     1.527769746458583e+00
   -3.193041983604331e-01     1.527678626423371e+00
   -3.277481720641781e-01     1.527585686470339e+00
   -3.363599229824929e-01     1.527490901804003e+00
   -3.451417328067291e-01     1.527394247427551e+00
   -3.540959020508017e-01     1.527295698141477e+00
   -3.632247501895055e-01     1.527195228542187e+00
   -3.725306157998385e-01     1.527092813020579e+00
   -3.820158567053937e-01     1.526988425760589e+00
   -3.916828501238728e-01     1.526882040737709e+00
   -4.015339928177774e-01     1.526773631717468e+00
   -4.115717012483300e-01     1.526663172253890e+00
   -4.217984117326898e-01     1.526550635687904e+00
   -4.322165806045345e-01     1.526435995145741e+00
   -4.428286843780298e-01     1.526319223537275e+00
   -4.536372199153024e-01     1.526200293554351e+00
   -4.646447045974442e-01     1.526079177669059e+00
   -4.758536764991038e-01     1.525955848131986e+00
   -4.872666945667750e-01     1.525830276970422e+00
   -4.988863388008022e-01     1.525702435986534e+00
   -5.107152104411961e-01     1.525572296755505e+00
   -5.227559321573387e-01     1.525439830623625e+00
   -5.350111482416052e-01     1.525305008706351e+00
   -5.474835248070378e-01     1.525167801886327e+00
   -5.601757499890817e-01     1.525028180811357e+00
   -5.730905341515217e-01     1.524886115892345e+00
   -5.862306100966319e-01     1.524741577301186e+00
   -5.995987332796758e-01     1.524594534968619e+00
   -6.131976820277936e-01     1.524444958582033e+00
   -6.270302577633925e-01     1.524292817583235e+00
   -6.410992852320878e-01     1.524138081166160e+00
   -6.554076127353220e-01     1.523980718274552e+00
   -6.699581123677048e-01     1.523820697599583e+00
   -6.847536802592020e-01     1.523657987577435e+00
   -6.997972368222459e-01     1.523492556386827e+00
   -7.150917270038518e-01     1.523324371946497e+00
   -7.306401205428569e-01     1.523153401912628e+00
   -7.464454122323658e-01     1.522979613676232e+00
   -7.625106221874881e-01     1.522802974360473e+00
   -7.788387961185202e-01     1.522623450817937e+00
   -7.954330056096011e-01     1.522441009627858e+00
   -8.122963484030030e-01     1.522255617093276e+00
   -8.294319486891626e-01     1.522067239238149e+00
   -8.468429574025210e-01     1.521875841804400e+00
   -8.645325525233351e-01     1.521681390248912e+00
   -8.825039393855512e-01     1.521483849740457e+00
   -9.007603509908531e-01     1.521283185156574e+00
   -9.193050483290216e-01     1.521079361080375e+00
   -9.381413207047372e-01     1.520872341797294e+00
   -9.572724860709103e-01     1.520662091291773e+00
   -9.767018913687125e-01     1.520448573243878e+00
   -9.964329128744240e-01     1.520231751025850e+00
   -1.016468956553238e+00     1.520011587698596e+00
   -1.036813458420145e+00     1.519788046008095e+00
   -1.057469884908055e+00     1.519561088381753e+00
   -1.078441733243310e+00     1.519330676924666e+00
   -1.099732531828701e+00     1.519096773415827e+00
   -1.121345840634189e+00     1.518859339304251e+00
   -1.143285251595439e+00     1.518618335705018e+00
   -1.165554389020375e+00     1.518373723395256e+00
   -1.188156910003866e+00     1.518125462810021e+00
   -1.211096504850755e+00     1.517873514038119e+00
   -1.234376897507392e+00     1.517617836817832e+00
   -1.258001846001811e+00     1.517358390532561e+00
   -1.281975142892799e+00     1.517095134206393e+00
   -1.306300615727971e+00     1.516828026499570e+00
   -1.330982127511093e+00     1.516557025703871e+00
   -1.356023577178814e+00     1.516282089737911e+00
   -1.381428900087008e+00     1.516003176142336e+00
   -1.407202068506987e+00     1.515720242074934e+00
   -1.433347092131658e+00     1.515433244305639e+00
   -1.459868018592016e+00     1.515142139211446e+00
   -1.486768933984046e+00     1.514846882771220e+00
   -1.514053963406334e+00     1.514547430560403e+00
   -1.541727271508590e+00     1.514243737745621e+00
   -1.569793063051328e+00     1.513935759079174e+00
   -1.598255583476951e+00     1.513623448893426e+00
   -1.627119119492494e+00     1.513306761095085e+00
   -1.656387999664237e+00     1.512985649159355e+00
   -1.686066595024519e+00     1.512660066123991e+00
   -1.716159319690965e+00     1.512329964583220e+00
   -1.746670631498428e+00     1.511995296681548e+00
   -1.777605032643953e+00     1.511656014107445e+00
   -1.808967070344951e+00     1.511312068086896e+00
   -1.840761337511053e+00     1.510963409376827e+00
   -1.872992473429785e+00     1.510609988258405e+00
   -1.905665164466482e+00     1.510251754530189e+00
   -1.938784144778694e+00     1.509888657501158e+00
   -1.972354197045509e+00     1.509520645983589e+00
   -2.006380153212013e+00     1.509147668285791e+00
   -2.040866895249372e+00     1.508769672204701e+00
   -2.075819355930739e+00     1.508386605018315e+00
   -2.111242519623546e+00     1.507998413477979e+00
   -2.147141423098363e+00     1.507605043800513e+00
   -2.183521156354868e+00     1.507206441660181e+00
   -2.220386863465249e+00     1.506802552180493e+00
   -2.257743743435506e+00     1.506393319925837e+00
   -2.295597051084980e+00     1.505978688892945e+00
   -2.333952097944679e+00     1.505558602502177e+00
   -2.372814253174726e+00     1.505133003588627e+00
   -2.412188944501521e+00     1.504701834393051e+00
   -2.452081659174917e+00     1.504265036552592e+00
   -2.492497944946080e+00     1.503822551091329e+00
   -2.533443411066430e+00     1.503374318410618e+00
   -2.574923729308196e+00     1.502920278279230e+00
   -2.616944635007124e+00     1.502460369823294e+00
   -2.659511928127901e+00     1.501994531516014e+00
   -2.702631474352836e+00     1.501522701167180e+00
   -2.746309206194423e+00     1.501044815912449e+00
   -2.790551124132273e+00     1.500560812202408e+00
   -2.835363297775184e+00     1.500070625791393e+00
   -2.880751867048850e+00     1.499574191726082e+00
   -2.926723043409961e+00     1.499071444333833e+00
   -2.973283111087305e+00     1.498562317210780e+00
   -3.020438428350553e+00     1.498046743209666e+00
   -3.068195428807500e+00     1.497524654427420e+00
   -3.116560622730459e+00     1.496995982192462e+00
   -3.165540598412631e+00     1.496460657051729e+00
   -3.215142023555021e+00     1.495918608757424e+00
   -3.265371646685039e+00     1.495369766253472e+00
   -3.316236298607336e+00     1.494814057661680e+00
   -3.367742893887833e+00     1.494251410267591e+00
   -3.419898432371861e+00     1.493681750506028e+00
   -3.472710000737297e+00     1.493105003946315e+00
   -3.526184774083537e+00     1.492521095277171e+00
   -3.580330017557492e+00     1.491929948291270e+00
   -3.635153088017410e+00     1.491331485869444e+00
   -3.690661435735569e+00     1.490725629964549e+00
   -3.746862606141123e+00     1.490112301584948e+00
   -3.803764241603838e+00     1.489491420777635e+00
   -3.861374083260273e+00     1.488862906610966e+00
   -3.919699972883156e+00     1.488226677157002e+00
   -3.978749854795526e+00     1.487582649473446e+00
   -4.038531777830658e+00     1.486930739585160e+00
   -4.099053897339185e+00     1.486270862465267e+00
   -4.160324477244675e+00     1.485602932015800e+00
   -4.222351892149086e+00     1.484926861047918e+00
   -4.285144629489576e+00     1.484242561261642e+00
   -4.348711291747952e+00     1.483549943225137e+00
   -4.413060598714548e+00     1.482848916353482e+00
   -4.478201389807941e+00     1.482139388886962e+00
   -4.544142626452032e+00     1.481421267868826e+00
   -4.610893394512578e+00     1.480694459122532e+00
   -4.678462906794353e+00     1.479958867228426e+00
   -4.746860505601244e+00     1.479214395499887e+00
   -4.816095665360862e+00     1.478460945958872e+00
   -4.886177995315728e+00     1.477698419310885e+00
   -4.957117242282920e+00     1.476926714919326e+00
   -5.028923293484390e+00     1.476145730779221e+00
   -5.101606179449989e+00     1.475355363490301e+00
   -5.175176076995472e+00     1.474555508229417e+00
   -5.249643312277722e+00     1.473746058722279e+00
   -5.325018363929728e+00     1.472926907214482e+00
   -5.401311866277599e+00     1.472097944441807e+00
   -5.478534612642208e+00     1.471259059599792e+00
   -5.556697558728326e+00     1.470410140312512e+00
   -5.635811826103674e+00     1.469551072600582e+00
   -5.715888705771064e+00     1.468681740848345e+00
   -5.796939661836336e+00     1.467802027770211e+00
   -5.878976335275220e+00     1.466911814376138e+00
   -5.962010547802485e+00     1.466010979936220e+00
   -6.046054305846483e+00     1.465099401944346e+00
   -6.131119804632524e+00     1.464176956080931e+00
   -6.217219432378778e+00     1.463243516174643e+00
   -6.304365774608361e+00     1.462298954163144e+00
   -6.392571618581216e+00     1.461343140052775e+00
   -6.481849957850268e+00     1.460375941877180e+00
   -6.572213996945461e+00     1.459397225654812e+00
   -6.663677156190392e+00     1.458406855345302e+00
   -6.756253076655787e+00     1.457404692804646e+00
   -6.849955625254583e+00     1.456390597739180e+00
   -6.944798899983406e+00     1.455364427658284e+00
   -7.040797235315571e+00     1.454326037825802e+00
   -7.137965207750748e+00     1.453275281210110e+00
   -7.236317641526727e+00     1.452212008432803e+00
   -7.335869614499125e+00     1.451136067715949e+00
   -7.436636464194806e+00     1.450047304827862e+00
   -7.538633794045150e+00     1.448945563027345e+00
   -7.641877479805640e+00     1.447830683006348e+00
   -7.746383676168454e+00     1.446702502831003e+00
   -7.852168823575155e+00     1.445560857880945e+00
   -7.959249655236256e+00     1.444405580786905e+00
   -8.067643204365780e+00     1.443236501366479e+00
   -8.177366811638466e+00     1.442053446558024e+00
   -8.288438132877772e+00     1.440856240352622e+00
   -8.400875146983349e+00     1.439644703724025e+00
   -8.514696164106917e+00     1.438418654556528e+00
   -8.629919834086001e+00     1.437177907570682e+00
   -8.746565155144946e+00     1.435922274246786e+00
   -8.864651482874050e+00     1.434651562746049e+00
   -8.984198539496537e+00     1.433365577829377e+00
   -9.105226423435523e+00     1.432064120773660e+00
   -9.227755619191798e+00     1.430746989285485e+00
   -9.351807007545000e+00     1.429413977412189e+00
   -9.477401876090809e+00     1.428064875450130e+00
   -9.604561930127474e+00     1.426699469850085e+00
   -9.733309303905511e+00     1.425317543119667e+00
   -9.863666572255273e+00     1.423918873722648e+00
   -9.995656762607656e+00     1.422503235975056e+00
   -1.012930336742380e+01     1.421070399937943e+00
   -1.026463035705057e+01     1.419620131306684e+00
   -1.040166219301967e+01     1.418152191296655e+00
   -1.054042384180813e+01     1.416666336525190e+00
   -1.068094078908021e+01     1.415162318889626e+00
   -1.082323905443045e+01     1.413639885441303e+00
   -1.096734520664936e+01     1.412098778255352e+00
   -1.111328637953401e+01     1.410538734296106e+00
   -1.126109028826665e+01     1.408959485277939e+00
   -1.141078524638653e+01     1.407360757521373e+00
   -1.156240018338030e+01     1.405742271804234e+00
   -1.171596466291826e+01     1.404103743207654e+00
   -1.187150890176504e+01     1.402444880956729e+00
   -1.202906378939500e+01     1.400765388255569e+00
   -1.218866090834353e+01     1.399064962116533e+00
   -1.235033255532767e+01     1.397343293183388e+00
   -1.251411176317157e+01     1.395600065548126e+00
   -1.268003232357308e+01     1.393834956561185e+00
   -1.284812881075061e+01     1.392047636634747e+00
   -1.301843660601137e+01     1.390237769038862e+00
   -1.319099192328436e+01     1.388405009690027e+00
   -1.336583183566337e+01     1.386549006931920e+00
   -1.354299430300860e+01     1.384669401307916e+00
   -1.372251820065772e+01     1.382765825325022e+00
   -1.390444334929954e+01     1.380837903208841e+00
   -1.408881054606847e+01     1.378885250649138e+00
   -1.427566159691820e+01     1.376907474535585e+00
   -1.446503935033933e+01     1.374904172683223e+00
   -1.465698773248783e+01     1.372874933547158e+00
   -1.485155178379570e+01     1.370819335925961e+00
   -1.504877769713872e+01     1.368736948653263e+00
   -1.524871285764210e+01     1.366627330276951e+00
   -1.545140588420817e+01     1.364490028725359e+00
   -1.565690667285645e+01     1.362324580959835e+00
   -1.586526644197096e+01     1.360130512612991e+00
   -1.607653777955668e+01     1.357907337611932e+00
   -1.629077469261311e+01     1.355654557785689e+00
   -1.650803265873809e+01     1.353371662456089e+00
   -1.672836868008524e+01     1.351058128011169e+00
   -1.695184133980344e+01     1.348713417460265e+00
   -1.717851086109646e+01     1.346336979969805e+00
   -1.740843916905053e+01     1.343928250378788e+00
   -1.764168995538500e+01     1.341486648692885e+00
   -1.787832874629420e+01     1.339011579555995e+00
   -1.811842297355889e+01     1.336502431698056e+00
   -1.836204204911647e+01     1.333958577357799e+00
   -1.860925744329490e+01     1.331379371679072e+00
   -1.886014276692615e+01     1.328764152079273e+00
   -1.911477385757345e+01     1.326112237588296e+00
   -1.937322887011995e+01     1.323422928156352e+00
   -1.963558837198628e+01     1.320695503928856e+00
   -1.990193544326327e+01     1.317929224486498e+00
   -2.017235578206554e+01     1.315123328048441e+00
   -2.044693781543634e+01     1.312277030636485e+00
   -2.072577281615664e+01     1.309389525197876e+00
   -2.100895502583952e+01     1.306459980684242e+00
   -2.129658178471746e+01     1.303487541084033e+00
   -2.158875366856492e+01     1.300471324405553e+00
   -2.188557463322950e+01     1.297410421607551e+00
   -2.218715216728312e+01     1.294303895474077e+00
   -2.249359745334741e+01     1.291150779430029e+00
   -2.280502553868718e+01     1.287950076293634e+00
   -2.312155551571934e+01     1.284700756961727e+00
   -2.344331071313293e+01     1.281401759023443e+00
   -2.377041889837742e+01     1.278051985297567e+00
   -2.410301249233760e+01     1.274650302288397e+00
   -2.444122879708361e+01     1.271195538554609e+00
   -2.478521023766120e+01     1.267686482985129e+00
   -2.513510461897090e+01     1.264121882975557e+00
   -2.549106539887807e+01     1.260500442498121e+00
   -2.585325197879649e+01     1.256820820057597e+00
   -2.622183001310083e+01     1.253081626524958e+00
   -2.659697173884847e+01     1.249281422839808e+00
   -2.697885632742658e+01     1.245418717571922e+00
   -2.736767025989335e+01     1.241491964331308e+00
   -2.776360772795160e+01     1.237499559015290e+00
   -2.816687106267743e+01     1.233439836880104e+00
   -2.857767119333739e+01     1.229311069423282e+00
   -2.899622813885670e+01     1.225111461061917e+00
   -2.942277153476168e+01     1.220839145590401e+00
   -2.985754119870444e+01     1.216492182399783e+00
   -3.030078773800403e+01     1.212068552439035e+00
   -3.075277320299537e+01     1.207566153896706e+00
   -3.121377179038531e+01     1.202982797579210e+00
   -3.168407060126850e+01     1.198316201959654e+00
   -3.216397045896886e+01     1.193563987868379e+00
   -3.265378679244917e+01     1.188723672793472e+00
   -3.315385059168629e+01     1.183792664756028e+00
   -3.366450944214389e+01     1.178768255721296e+00
   -3.418612864631850e+01     1.173647614502463e+00
   -3.471909244127913e+01     1.168427779109139e+00
   -3.526380532221382e+01     1.163105648487111e+00
   -3.582069348322243e+01     1.157677973589879e+00
   -3.639020638802215e+01     1.152141347715447e+00
   -3.697281848484104e+01     1.146492196034024e+00
   -3.756903108164883e+01     1.140726764223220e+00
   -3.817937440001247e+01     1.134841106117085e+00
   -3.880440982834516e+01     1.128831070263558e+00
   -3.944473239818622e+01     1.122692285271395e+00
   -4.010097351047520e+01     1.116420143812159e+00
   -4.077380394266535e+01     1.110009785124923e+00
   -4.146393717204263e+01     1.103456075850677e+00
   -4.217213305591945e+01     1.096753588999449e+00
   -4.289920191559766e+01     1.089896580825268e+00
   -4.364600907833442e+01     1.082878965351566e+00
   -4.441347994022893e+01     1.075694286251558e+00
   -4.520260562324767e+01     1.068335685743511e+00
   -4.601444931188799e+01     1.060795870108132e+00
   -4.685015336966163e+01     1.053067071373185e+00
   -4.771094735322194e+01     1.045141004636538e+00
   -4.859815706323104e+01     1.037008820410974e+00
   -4.951321479684186e+01     1.028661051268849e+00
   -5.045767099804883e+01     1.020087551938299e+00
   -5.143320754055402e+01     1.011277431850092e+00
   -5.244165292500091e+01     1.002218978949219e+00
   -5.348499973080824e+01     9.928995733597206e-01
   -5.456542473543507e+01     9.833055892148818e-01
   -5.568531220476182e+01     9.734222826242082e-01
   -5.684728097267708e+01     9.632336633264214e-01
   -5.805421607305403e+01     9.527223470507774e-01
   -5.930930587261727e+01     9.418693849473883e-01
   -6.061608589175101e+01     9.306540656102991e-01
   -6.197849080990956e+01     9.190536841503500e-01
   -6.340091655767453e+01     9.070432714043253e-01
   -6.488829493332058e+01     8.945952745904883e-01
   -6.644618389713726e+01     8.816791783969692e-01
   -6.808087766237193e+01     8.682610524190429e-01
   -6.979954202037104e+01     8.543030067605144e-01
   -7.161038216144415e+01     8.397625320730290e-01
   -7.352285281077519e+01     8.245916927233659e-01
   -7.554792413988214e+01     8.087361312560988e-01
   -7.769842218352089e+01     7.921338274959995e-01
   -7.998947025669241e+01     7.747135344047139e-01
   -8.243906953899631e+01     7.563927818378386e-01
   -8.506887493398958e+01     7.370752932468775e-01
   -8.790525057684029e+01     7.166475901630301e-01
   -9.098073515545263e+01     6.949744496169201e-01
   -9.433612377812436e+01     6.718927032614218e-01
   -9.802350586430437e+01     6.472025737633383e-01
   -1.021108385002516e+02     6.206552376531234e-01
   -1.066890902771891e+02     5.919343892723776e-01
   -1.118839074225182e+02     5.606278386400269e-01
   -1.178757338636670e+02     5.261816386891144e-01
   -1.249369834465379e+02     4.878214596333987e-01
   -1.335071660650445e+02     4.444070045739391e-01
   -1.443645524237301e+02     3.941325797691339e-01
   -1.590959688565187e+02     3.338094438926880e-01
   -1.818329459342924e+02     2.566568739010543e-01
