================================================================
         omega_k [cm^-1]          g_k [cm^-1]               
================================================================
    7.851962990747688e+02     1.090506480526158e+02
    8.672168042010508e+02     1.168586133707700e+02
    9.512378094523636e+02     1.502508113369315e+02
    1.033258314578645e+03     1.679468557519784e+02
    1.115278819704927e+03     2.292850671178282e+02
    1.197299324831208e+03     2.843354275532113e+02
    1.273318329582396e+03     4.050038754763924e+02
    1.341335333833459e+03     4.852255163450329e+02
    1.397349337334334e+03     5.657935342012771e+02
    1.461365341335334e+03     5.018719013177070e+02
    1.531382845711429e+03     3.761309690374093e+02
    1.609402350587648e+03     2.776813022244779e+02
    1.691422855713929e+03     2.144442217453119e+02
    1.773443360840210e+03     1.674424127253549e+02
    1.857464366091524e+03     1.441099000652177e+02
    1.941485371342837e+03     1.172066086498816e+02
    2.025506376594149e+03     1.067707875196349e+02
