================================================================
         omega_k [cm^-1]          g_k [cm^-1]               
================================================================
   -8.774387193596799e+01     2.029220111566508e+00
   -7.213606803401701e+01     2.045361844213426e+00
   -5.632816408204104e+01     4.186300079439333e+00
   -4.072036018009007e+01     4.732259162920201e+00
   -2.511255627813907e+01     9.797266618660489e+00
   -9.304652326163080e+00     1.351764921117267e+01
    1.000500250125071e-01     3.998954170395732e+01
    1.610805402701348e+01     1.666417693262747e+01
    2.471235617808903e+01     7.535631695864985e+00
    4.072036018009004e+01     1.113993963927570e+01
    5.672836418209101e+01     7.739478409881805e+00
    7.333666833416709e+01     7.592274271173137e+00
    8.934467233616806e+01     5.592022904041178e+00
    1.053526763381691e+02     5.606292168024078e+00
    1.217608804402201e+02     4.258055213237615e+00
    1.379689844922461e+02     4.221699594670369e+00
    1.543771885942971e+02     3.139368476442244e+00
    1.705852926463232e+02     3.255669361383147e+00
    1.867933966983491e+02     2.059591778982654e+00
    2.000000000000000e+02     2.423178353809900e+00
