================================================================
         omega_k [cm^-1]          g_k [cm^-1]               
================================================================
   -1.994099372174589e+02     9.809027513987366e-01
   -1.964936022628382e+02     1.536762100585704e+00
   -1.912990629492479e+02     2.025316816837836e+00
   -1.839059231440162e+02     2.539658778437155e+00
   -1.744295594125853e+02     3.130718122069403e+00
   -1.630157119375361e+02     3.842087370483699e+00
   -1.498364967469195e+02     4.719425515017926e+00
   -1.350862473320819e+02     5.814589690172099e+00
   -1.189773867378571e+02     7.187797006001928e+00
   -1.017367012018541e+02     8.908273531676691e+00
   -8.360256831601528e+01     1.105279875830241e+01
   -6.482418903574373e+01     1.370043845050574e+01
   -4.566553011592080e+01     1.691892323121431e+01
   -2.642382395510871e+01     2.072522801070059e+01
   -7.528839762045785e+00     2.485942437150274e+01
    1.034878987127015e+01     2.487253854862876e+01
    2.932093531881386e+01     2.155880246323135e+01
    4.851694201893372e+01     1.839484684645898e+01
    6.755354429111883e+01     1.558204401066301e+01
    8.614643168003103e+01     1.314696856084672e+01
    1.040419115277525e+02     1.107065987914908e+01
    1.210021206661944e+02     9.316738729559493e+00
    1.368017761682684e+02     7.842355861039946e+00
    1.512288092536856e+02     6.603364054526921e+00
    1.640866265779797e+02     5.556621221964868e+00
    1.751971012059429e+02     4.660371535101376e+00
    1.844038289629626e+02     3.872767962636044e+00
    1.915753587932414e+02     3.147369630950438e+00
    1.966082787491105e+02     2.420202468214497e+00
    1.994318457946284e+02     1.556604926459320e+00
