================================================================
         omega_k [cm^-1]          g_k [cm^-1]               
================================================================
   -1.893446723361681e+02     1.014090757172448e+01
   -1.728364182091045e+02     1.142348120197569e+01
   -1.568284142071035e+02     1.422305460108773e+01
   -1.408204102051025e+02     1.646107246271382e+01
   -1.248124062031016e+02     2.031057954277111e+01
   -1.088044022011005e+02     2.377784031293941e+01
   -9.279639819909954e+01     2.903589171440589e+01
   -7.678839419709851e+01     3.422254246152805e+01
   -6.078039019509754e+01     4.161388520147699e+01
   -4.477238619309650e+01     4.883942547617880e+01
   -2.926463231615804e+01     5.806431762012115e+01
   -1.375687843921958e+01     6.805201531768164e+01
    2.501250625313105e-01     7.221401161174930e+01
    1.375687843921969e+01     6.897886899123424e+01
    2.926463231615810e+01     6.324085196413991e+01
    4.527263631815914e+01     5.471446428338694e+01
    6.128064032016016e+01     4.738881473246785e+01
    7.678839419709857e+01     4.067079276737147e+01
    9.279639819909960e+01     3.645422917742425e+01
    1.088044022011006e+02     3.073598075718706e+01
    1.248124062031016e+02     2.757974935168021e+01
    1.413206603301651e+02     2.338080882778778e+01
    1.573286643321661e+02     2.030760612809095e+01
    1.733366683341671e+02     1.751293112185643e+01
    1.898449224612307e+02     1.548688330922275e+01
    2.058529264632317e+02     1.288450548019659e+01
    2.223611805902952e+02     1.173431218164484e+01
    2.383691845922962e+02     9.452151276319723e+00
    2.548774387193597e+02     8.943880455608406e+00
